component = "Cygnus X-1"
energy = [ 21.1942 21.8 23.2549 23.7 25.8 27.1968 28.1 30.6 31.0775 33.3 34.8994 36.3 38.7394 39.5 42.2603 43.0 46.8550676021 51.0867761754 54.8619 55.5 59.1579 60.5 62.6901 65.8 69.9927 71.7 77.6214815628 85.3712890848 92.5 100.198048983 109.7 116.598 119.4 130.0 134.01 141.6 153.665072154 167.9 173.971 182.8 190.886 199.0 213.122 216.7 227.161 236.235761052 256.9 270.329 279.7 304.6 314.323 331.6 361.181490805 380.62 393.2 428.1 466.1 506.605211185 552.6 601.7 655.1 713.3 776.7 804.255 845.6 920.8 1002.5 1091.6 1188.5 1294.1 1409.1 1528.13802387 1670.5 1818.9 1980.5 2156.4 2347.9 2491.87 2556.5 2783.5 3030.8 3300.0 3468.06 ]
flux = [ 8.79646603108e-09 8.85374896181e-09 8.98647712716e-09 9.0495068465e-09 9.33722115989e-09 9.52048551027e-09 9.6326582693e-09 9.93155630763e-09 9.98684526532e-09 1.0398098539e-08 1.06870225156e-08 1.07195970572e-08 1.07736581403e-08 1.08413383485e-08 1.1079783216e-08 1.11283651669e-08 1.13719052855e-08 1.21179589576e-08 1.22731802805e-08 1.22822563573e-08 1.23324727846e-08 1.2190292484e-08 1.19682654695e-08 1.1975788064e-08 1.19853925036e-08 1.20285993458e-08 1.21677125769e-08 1.22576614299e-08 1.22088083113e-08 1.21578301744e-08 1.21788577637e-08 1.21930317821e-08 1.20517700334e-08 1.15591060372e-08 1.13880615515e-08 1.09356789545e-08 1.03029424032e-08 9.79208507766e-09 9.59445043692e-09 9.06519121721e-09 8.62641420372e-09 8.22390727918e-09 7.60152155763e-09 7.52959744144e-09 7.32960165284e-09 6.76529977062e-09 6.0687077199e-09 5.68471035268e-09 5.48953968252e-09 5.02997796861e-09 4.87053061772e-09 4.51699945094e-09 4.00485886406e-09 3.98328551318e-09 3.81360238526e-09 3.40323717946e-09 3.0370094044e-09 2.72658903705e-09 2.91803711797e-09 3.11859536863e-09 3.33268914915e-09 3.56171779662e-09 3.80659835521e-09 3.91164869856e-09 3.95069397656e-09 4.01794785366e-09 4.08619511793e-09 4.15571549728e-09 4.22633481207e-09 4.29821887575e-09 4.37133620968e-09 4.44258650385e-09 4.53185488366e-09 4.61882581899e-09 4.70747472678e-09 4.79779657642e-09 4.88984085091e-09 4.95527106285e-09 5.01327957604e-09 5.21092173991e-09 5.41647260824e-09 5.63007633064e-09 5.75863563572e-09 ]
fraction = [ 0.151 0.151 0.151 0.151 0.151 0.151 0.151 0.151 0.151 0.151 0.151 0.151 0.151 0.151 0.151 0.151 0.151 0.151 0.151 0.151 0.151 0.151 0.151423454022 0.152 0.152 0.152 0.152 0.152 0.152 0.152941167296 0.153 0.153 0.153 0.154 0.154 0.154 0.154959233824 0.156 0.156417764571 0.157 0.158019494247 0.159 0.161413825284 0.162 0.163666021111 0.165083391505 0.17 0.173595372068 0.176 0.186 0.191179601993 0.2 0.221079487727 0.23954547965 0.251 0.294 0.352 0.421527639178 0.498 0.563 0.612 0.641 0.657 0.660281447793 0.665 0.668 0.669 0.67 0.67 0.67 0.67 0.67 0.67 0.67 0.67 0.67 0.67 0.67 0.67 0.67 0.67 0.67 0.67 ]
angle = [ 90.0843459465 90.085 90.0865462414 90.087 90.09 90.0912348446 90.092 90.096 90.0965493574 90.099 90.1011753792 90.103 90.1068492645 90.108 90.1119780849 90.113 90.1190820991 90.125160842 90.1319059357 90.133 90.1396594225 90.142 90.1466579942 90.153 90.1616321824 90.165 90.1781913305 90.1980824658 90.218 90.2415291824 90.273 90.3003498076 90.311 90.358 90.3789708921 90.417 90.4889425368 90.59 90.6434738651 90.718 90.804657011 90.888 91.0738645468 91.119 91.2950428974 91.4434385223 91.882 92.2631094392 92.518 93.439 93.9384616208 94.789 96.7877288566 98.5832388046 99.697 103.854 109.444 116.107881473 123.421 129.751 134.388 137.25 138.78 139.078201568 139.507 139.818 139.939 139.981 139.995 139.999 140.0 140.0 140.0 140.0 140.0 140.0 140.0 140.0 140.0 140.0 140.0 140.0 140.0 ]

